ID	100UNCULTURED_S7_PE_profile_species	14UNCULTURED_S8_PE_profile_species	18UNCULTURED_S12_PE_profile_species	19UNCULTURED_S14_PE_profile_species	24UNCULTURED_S3_PE_profile_species	26UNCULTURED_S4_PE_profile_species	28UNCULTURED_S6_PE_profile_species	2UNCULTURED_S1_PE_profile_species	300UNCULTURED_S9_PE_profile_species	36UNCULTURED_S10_PE_profile_species	400UNCULTURED_S11_PE_profile_species	40UNCULTURED_S15_PE_profile_species	4UNCULTURED_S2_PE_profile_species	500UNCULTURED_S13_PE_profile_species	8UNCULTURED_S5_PE_profile_species	lucaAR31_S16_PE_profile_species	lucaAR32_S17_PE_profile_species	lucaAR33_S18_PE_profile_species	lucaAR34_S19_PE_profile_species
#SampleID	Metaphlan2_Analysis	Metaphlan2_Analysis	Metaphlan2_Analysis	Metaphlan2_Analysis	Metaphlan2_Analysis	Metaphlan2_Analysis	Metaphlan2_Analysis	Metaphlan2_Analysis	Metaphlan2_Analysis	Metaphlan2_Analysis	Metaphlan2_Analysis	Metaphlan2_Analysis	Metaphlan2_Analysis	Metaphlan2_Analysis	Metaphlan2_Analysis	Metaphlan2_Analysis	Metaphlan2_Analysis	Metaphlan2_Analysis	Metaphlan2_Analysis
s__Acidaminococcus_intestini	0.0	0.07881	0.0	0.0	0.0	0.01821	0.0	0.0	0.0	0.0	0.0	0.0	0.0	0.0	0.0	0.0	0.0	0.0	0.0
s__Adlercreutzia_equolifaciens	1.32468	0.0	0.0	0.0	0.0	0.0	0.0	0.0	0.65871	0.0	1.07703	0.0	0.0	0.25952	0.0	0.11948	0.0155	0.09739	0.0
s__Akkermansia_muciniphila	0.31078	0.0	0.0	0.0	0.0	0.0	0.0	0.0	0.13104	0.0	0.39042	0.0	0.0	0.02247	0.0	1.4685	0.0	1.44881	0.0
s__Alistipes_finegoldii	0.0	0.0	0.0	0.0	0.0	0.0	0.0	0.0	0.0	0.0	0.0	0.0	0.0	0.0	0.0	0.11589	0.0	0.96419	0.28901
s__Alistipes_indistinctus	2.3571	0.0	0.0	0.0	0.0	0.0	0.0	0.0	0.26256	0.0	2.66106	0.0	0.0	0.50343	0.0	0.01096	0.0	0.50559	0.0
s__Alistipes_onderdonkii	0.0	0.0	0.0	0.0	0.0	0.0	0.0	0.0	0.0	0.0	0.0	0.0	0.0	0.0	0.0	0.01325	0.0	1.18678	0.91733
s__Alistipes_putredinis	0.0	0.0	0.0	0.0	0.0	0.0	0.0	0.0	0.0	0.0	0.0	0.0	0.0	0.0	0.0	4.86672	0.0	4.15551	4.19587
s__Alistipes_senegalensis	0.0	0.0	0.0	0.0	0.0	0.0	0.00152	0.0	0.0	0.0031	0.0	0.0	0.0	0.0	0.0	0.0	0.0	0.03844	0.0
s__Alistipes_shahii	0.0	0.0	0.0	0.0	0.0	0.0	0.0	0.0	0.0	0.0	0.0	0.0	0.0	0.00584	0.0	1.05966	0.0	1.79647	0.0
s__Alistipes_sp_AP11	0.0	0.0	0.0	0.0	0.0	0.0	0.0	0.0	0.0	0.0	0.0	0.0	0.0	0.0	0.0	0.0	0.0	0.60088	0.0
s__Alistipes_unclassified	0.0	0.0	0.01864	0.0	0.0	0.0	0.05255	0.0	0.0	0.13041	0.0	0.0	0.0	0.0	0.04263	0.0	0.0	0.0	0.0
s__Anaerostipes_hadrus	0.0	0.0	0.01269	0.0	0.0	0.0	0.0	0.0	0.0	0.0	0.0	0.0	0.0	0.0	0.0	0.02172	0.03641	0.0	0.00192
s__Anaerotruncus_colihominis	0.0	0.0	0.0	0.0	0.0	0.0	0.0	0.0	0.0	0.0	0.0	0.0	0.0	0.0	0.0	0.00411	0.00141	0.0	0.00652
s__Anaerotruncus_unclassified	0.0	0.0	0.0	0.14558	0.20263	0.11696	0.0	0.0	0.0	0.0	0.25692	0.0	0.21773	0.04964	0.0	0.00567	0.01526	0.01953	0.00158
s__Bacteroidales_bacterium_ph8	0.0	0.0	0.0	0.0	0.0	0.0	0.0	0.0	0.0	0.0	0.0	0.0	0.0	0.0	0.0	0.15106	0.0	2.13898	0.0
s__Bacteroides_caccae	0.0	0.0	0.0	0.0	0.0	0.0	0.0	0.0	0.0	0.0	0.0	0.0	0.0	0.0	0.0	1.98175	2.43614	1.28983	2.61817
s__Bacteroides_cellulosilyticus	0.0	0.0	0.0	0.0	0.0	0.0	0.08357	0.0	0.0	0.0	0.0	0.0	0.0	0.0	0.1737	0.22052	0.0	5.71252	2.54364
s__Bacteroides_clarus	0.0	0.0	0.0	0.0	0.0	0.0	0.0	0.0	0.0	0.0	0.0	0.0	0.0	0.0	0.0	0.00838	0.0	0.0	0.0
s__Bacteroides_coprocola	0.0	0.0	0.0	0.0	0.0	0.0	0.0	0.0	0.0	0.0	0.0	0.0	0.0	0.0	0.0	0.15029	0.0	0.0	0.0
s__Bacteroides_dorei	0.0	0.0	0.02736	0.0	0.0	0.0	4.4354	0.0	0.0	0.0	0.0	0.0	0.0	0.0	4.71494	0.17522	0.04497	6.54063	0.0
s__Bacteroides_faecis	0.0	0.0	0.0	0.0	0.0	0.00319	0.0	0.0	0.0	0.0	0.0	0.0	0.0	0.0	0.00445	0.0	0.0	0.0	0.0
s__Bacteroides_finegoldii	0.0	0.0	0.0	0.0	0.0	0.0	0.73285	0.0	0.0	0.0	0.0	0.0	0.0	0.0	0.73832	1.25154	0.0	0.0	0.0
s__Bacteroides_fragilis	0.0	0.0	0.0	0.0	0.0	0.0	0.0	0.0	0.0	0.0	0.0	0.0	0.0	0.0	0.0	0.38864	0.25114	2.73084	0.40737
s__Bacteroides_intestinalis	0.0	0.0	0.0	0.0	0.0	0.0	0.24045	0.0	0.0	0.0	0.0	0.0	0.0	0.0	0.72292	0.0	0.0	2.75983	0.0
s__Bacteroides_nordii	0.0	0.0	0.0	0.0	0.0	0.0	0.0	0.0	0.0	0.0	0.0	0.0	0.0	0.0	0.0	0.0	0.02797	0.0	0.0
s__Bacteroides_ovatus	0.01171	0.0	0.0	0.0314	0.0	0.00234	0.19965	0.00253	0.06423	0.0	0.02244	0.0	0.02532	0.06845	0.21694	1.13057	0.77918	2.17616	8.5262
s__Bacteroides_pectinophilus	0.0	0.11809	1.28285	3.24577	0.0	3.77649	20.97897	0.06233	0.0	0.10284	0.0	0.38105	0.507	0.07619	1.68663	0.0	0.0	3.00767	0.0
s__Bacteroides_stercoris	0.0	0.0	0.0	0.0	0.0	0.0	0.0	0.0	0.0	0.0	0.0	0.0	0.0	0.0	0.0	23.75336	26.53334	0.0	4.06557
s__Bacteroides_thetaiotaomicron	0.0	0.0	0.0	0.0	0.0	0.0	0.0	0.0	0.0	0.0	0.0	0.0	0.0	0.0	0.0	0.86312	0.0	3.83866	0.26856
s__Bacteroides_uniformis	0.02583	0.01317	0.26173	0.22067	0.22122	0.43305	0.0419	0.34935	0.0	0.26171	0.37973	0.08848	0.53064	0.0	0.01927	11.41376	7.06278	0.55701	11.20855
s__Bacteroides_vulgatus	0.0	0.0	0.0	0.0	0.0	0.0	0.0	0.0	0.0	0.0	0.0	0.0	0.0	0.0	0.0	2.41218	3.73815	0.0	14.26618
s__Bacteroides_xylanisolvens	0.0219	0.0	0.14044	0.07977	0.0	0.16853	0.64848	0.00658	0.0	0.06075	0.0307	0.04488	0.0	0.11268	0.35672	0.87097	0.2246	0.07166	0.0
s__Barnesiella_intestinihominis	0.0	0.0	0.0	0.0	0.0	0.0	0.0	0.0	0.0	0.0	0.0	0.0	0.0	0.0	0.0	2.08831	0.0	0.52059	4.01715
s__Bifidobacterium_adolescentis	0.0	0.0	0.0	0.0	0.0	0.0	0.0	0.0	0.0	0.0	0.0	0.0	0.0	0.0	0.0	0.0	1.48213	9.4193	0.0
s__Bifidobacterium_animalis	0.14478	0.0	0.0	0.0	0.0	0.0	0.0	0.0	0.0434	0.0	0.23098	0.0	0.0	0.16937	0.0	0.0	0.0	0.0	0.0
s__Bifidobacterium_longum	0.0	0.0	0.0	0.0	0.0	0.0	0.0	0.0	0.0	0.0	0.0	0.0	0.0	0.0	0.0	1.05408	0.80217	0.00505	0.94921
s__Bifidobacterium_pseudolongum	28.86881	0.0	0.0	0.0	0.0	0.0	0.0	0.0	33.8515	0.0	28.17402	0.0	0.0	15.77461	0.0	0.0	0.0	0.0	0.0
s__Bilophila_unclassified	0.0	0.0	0.08435	0.0	0.0	0.0	0.0	0.0	0.0	0.0	0.0	0.0205	0.85998	0.0	0.0	0.30229	0.1143	0.03335	0.49683
s__Bilophila_wadsworthia	0.0	0.0	0.0	0.0	0.0	0.0	0.0	0.0	0.0	0.0	0.0	0.0	0.01589	0.0	0.0	0.01683	0.00831	0.0	0.08733
s__Blautia_hydrogenotrophica	0.0	0.0	0.0	0.0	0.0	0.0	0.0	0.0	0.0	0.0	0.0	0.0	0.0	0.0	0.0	0.00985	0.0	0.0	0.0
s__Brachyspira_unclassified	0.01291	0.0	0.0	0.0	0.0	0.0	0.0	0.0	0.02035	0.0	0.01174	0.0	0.0	0.02208	0.0	0.0	0.0	0.0	0.0
s__Burkholderiales_bacterium_1_1_47	0.99146	0.0	0.0	0.0	0.1413	0.0	0.0	0.0	0.73732	0.0	0.94012	0.0	0.0	0.51805	0.0	0.00553	0.03427	0.27266	0.72751
s__Butyrivibrio_crossotus	0.0	0.0	0.12054	0.0	0.0	0.40768	0.3304	0.0	0.31485	0.08771	0.0	0.0	0.0	0.0	0.19368	0.0	0.0	0.0	0.0
s__Butyrivibrio_unclassified	0.2298	9.18365	0.0	0.0	3.40699	12.1156	0.0	0.0	0.0	0.0	0.63686	0.0	0.0	0.0	0.0	0.0	0.0	0.0	0.0
s__C2likevirus_unclassified	0.0	0.0	0.0	0.0	0.0	0.0	0.0	0.0	0.0	0.0	0.0	0.0	0.0	0.0	0.0	0.0	0.0	0.0	0.00112
s__Catenibacterium_mitsuokai	0.0	0.18618	1.18925	0.0	0.0	0.0	0.40808	0.0	0.0	0.14971	0.0	3.23109	0.0	0.0	0.18967	0.0	0.0	0.0	0.0
s__Clostridiaceae_bacterium_JC118	0.0	0.0	0.0	0.0	0.0	0.0	0.0	0.0	0.0	0.0	0.0	0.0	0.0	0.0	0.0	0.00491	0.00587	0.0	0.04593
s__Clostridiales_bacterium_1_7_47FAA	0.0	0.0	0.0	0.0	0.0	0.0	0.0	0.0	0.0	0.0	0.0	0.0	0.0	0.0	0.0	0.02914	0.0	0.00541	0.00291
s__Clostridium_asparagiforme	0.0	0.0	0.0	0.0	0.0	0.0	0.0	0.0	0.0	0.0	0.0	0.0	0.0	0.0	0.0	0.03241	0.00241	0.0	0.05199
s__Clostridium_bartlettii	0.0	0.0	0.04671	0.0	0.95246	0.0	0.00568	0.0	0.0	0.03838	0.0	0.02741	0.12121	0.00609	0.09235	0.0	0.02459	0.0	0.0
s__Clostridium_bolteae	0.0	0.0	0.0	0.0	0.0	0.0	0.0	0.0	0.0	0.0	0.0	0.0	0.0	0.0	0.0	0.04889	0.01644	0.01302	0.13537
s__Clostridium_citroniae	0.0	0.0	0.0	0.0	0.0	0.0	0.0	0.0	0.0	0.0	0.0	0.0	0.0	0.0	0.0	0.02985	0.00913	0.00368	0.0166
s__Clostridium_clostridioforme	0.0	0.0	0.0	0.0	0.0	0.0	0.0	0.0	0.0	0.0	0.0	0.0	0.0	0.0	0.0	0.04737	0.0	0.0	0.02115
s__Clostridium_hathewayi	0.0	0.0	0.0	0.0	0.0	0.0	0.0	0.0	0.0	0.0	0.0	0.0	0.0	0.0	0.0	0.00546	0.00887	0.00115	0.04474
s__Clostridium_hylemonae	0.0	0.0	0.0	0.0	0.0	0.0	0.0	0.0	0.0	0.0	0.0	0.0	0.0	0.0	0.0	0.0	0.0	0.0	0.00022
s__Clostridium_leptum	0.0	0.0	0.0134	0.0	0.0	0.0	0.0	0.0	0.0	0.0	0.0	0.0	0.0	0.0	0.0	0.06368	0.0	0.16035	0.0692
s__Clostridium_nexile	0.0	0.0	0.0	0.0	0.0	0.0	0.0	0.0	0.0	0.0	0.0	0.0	0.0	0.0	0.0	0.0	0.02064	0.0	0.0
s__Clostridium_ramosum	0.0	0.0	0.0	0.0	0.0	0.0	0.0	0.0	0.0	0.0	0.0	0.0	0.0	0.0	0.0	0.00037	0.0	0.0	0.0
s__Clostridium_scindens	0.0	0.0	0.0	0.0	0.0	0.0	0.0	0.0	0.0	0.0	0.0	0.0	0.0	0.0	0.0	0.00709	0.0	0.0	0.0
s__Clostridium_symbiosum	0.0	0.0	0.0	0.0	0.0	0.0	0.0	0.0	0.0	0.0	0.0	0.0	0.0	0.0	0.0	0.02334	0.03409	0.01582	0.0092
s__Collinsella_aerofaciens	0.0	0.0	0.34456	0.13126	0.17416	0.14407	0.5258	0.15295	0.0	0.88706	0.0	0.13948	0.33096	0.0	0.62983	0.12674	0.59451	0.0732	0.0
s__Collinsella_unclassified	0.04738	0.04915	0.0	0.01619	0.0	0.01295	0.0	0.0	0.11217	0.0	0.0	0.0	0.0	0.11056	0.0	0.0	0.0	0.0	0.0
s__Coprobacillus_unclassified	0.0	0.0	0.0	0.0	0.0	0.0	0.0	0.0	0.0	0.0	0.0	0.0	0.0	0.0	0.0	0.02809	0.0	0.0	0.00931
s__Coprobacter_fastidiosus	0.0	0.0	0.0	0.0	0.0	0.0	0.0	0.0	0.0	0.0	0.0	0.0	0.0	0.0	0.0	0.18772	0.0	0.01207	0.0
s__Coprococcus_catus	0.18799	0.07186	0.54342	0.16178	0.07918	0.17243	0.29262	0.34874	0.32391	0.37342	0.06606	0.14187	0.85197	0.16057	0.4198	0.0	0.06431	0.02493	0.0
s__Coprococcus_comes	0.06816	0.0	0.80798	0.04043	0.05118	0.46823	0.43233	0.51557	0.23403	0.29096	0.01042	0.35435	0.0	0.0688	0.84065	0.0	0.03315	0.15945	0.0
s__Coprococcus_eutactus	0.0	0.0	0.0	0.0225	0.0	0.0	0.0	0.0	0.0	0.03671	0.0	0.0	0.0	0.0	0.0	0.0	3.31253	0.77892	0.0
s__Coprococcus_sp_ART55_1	0.0	0.0	0.0	0.0	0.0	0.0	0.0	0.0	0.0	2.60095	0.0	0.0	0.0	0.0	0.0	0.0	0.0	0.0	0.0
s__Dasheen_mosaic_virus	0.0	0.0	0.02423	0.0	0.0	0.0	0.0	0.0	0.0	0.0	0.0	0.0	0.0	0.0	0.0	0.0	0.0	0.0	0.0
s__Desulfovibrio_desulfuricans	0.0	0.0	0.0	0.0	0.0	0.0	1.73573	0.07108	0.0	0.16195	0.0	1.36972	0.18886	0.0	3.10444	0.0	0.0	0.14785	0.0
s__Desulfovibrio_piger	1.77583	0.11578	0.0	0.18404	0.0	0.05571	0.0	0.34786	0.0	0.0	1.15347	0.38801	0.29242	0.08825	0.0	0.0	0.0	0.0	0.0
s__Dialister_invisus	0.0	0.0	0.0	0.0	0.0	0.0	0.0	0.0	0.0	0.0	0.0	0.0	0.0	0.0	0.0	0.0	6.76223	0.0	0.0
s__Dorea_formicigenerans	0.14332	0.10689	0.57353	0.0	0.0	0.0	0.11298	0.12016	0.25719	0.10883	0.02028	0.07551	0.0	0.08136	0.23468	0.0	0.06003	0.15834	0.27076
s__Dorea_longicatena	0.10352	0.1304	1.16177	0.0	0.0	0.08934	0.85106	0.32354	0.29725	0.02213	0.01794	0.15492	0.03699	0.57715	0.75177	0.0	0.17131	0.12109	1.95363
s__Dorea_unclassified	0.12891	0.60946	0.0	0.85892	1.28595	1.00347	0.89187	1.08452	0.0	1.59938	0.21036	0.53589	0.46099	0.0	1.84093	0.03054	0.0	0.0	0.0
s__Eggerthella_lenta	0.0	0.0	0.0	0.0	0.0	0.0	0.0	0.0	0.0	0.0	0.0	0.0	0.0	0.0	0.0	0.00343	0.00034	0.03012	0.1638
s__Eggerthella_sp_1_3_56FAA	0.0	0.0	0.0	0.0	0.0	0.0	0.0	0.0	0.0	0.0	0.0	0.0	0.0	0.0	0.0	0.0	0.0	0.0	0.38601
s__Eggerthella_unclassified	0.0	0.0	0.0	0.0	0.0	0.0	0.0	0.0	0.0	0.0	0.0	0.0	0.0	0.0	0.0	0.04505	0.05971	0.11297	0.51981
s__Enterococcus_hirae	0.0	0.0	0.0	0.0	0.0	0.0	0.0	0.0	0.0	2.83714	0.0	0.0	0.0	0.0	0.0	0.0	0.0	0.0	0.0
s__Enterorhabdus_caecimuris	0.0	0.0	0.0	0.0	0.0	0.0	0.0	0.0	0.0	0.0	0.0	0.0	0.0	0.0	0.0	0.0	0.0	0.0	0.01653
s__Erysipelotrichaceae_bacterium_21_3	0.01612	0.0	0.0	0.0	0.0	0.0675	0.01882	0.0	0.0	0.35134	0.00291	0.0	0.96811	0.0	0.05258	0.0006	0.0	0.0	0.00046
s__Erysipelotrichaceae_bacterium_5_2_54FAA	0.0	0.0	0.0	0.0	0.0	0.0	0.0	0.0	0.0	0.0	0.0	0.0	0.0	0.0	0.0	0.0	0.0	0.00657	0.01837
s__Erysipelotrichaceae_bacterium_6_1_45	0.0	0.0	0.0	0.0	0.0	0.0	0.0	0.0	0.0	0.0	0.0	0.0	0.0	0.0	0.0	0.00156	0.0	0.00115	0.00115
s__Escherichia_coli	0.0	0.07163	4.21831	0.0	0.0	0.0	0.84438	0.0	0.0	3.61106	0.02332	0.0	0.35195	0.0	0.73601	0.0	0.00523	0.0	0.0
s__Escherichia_unclassified	0.0562	0.0	1.25508	0.06394	0.0	0.0	0.187	0.0	0.0	0.68701	0.05534	0.0	0.37336	0.0	0.0	0.0	0.00387	0.0	0.00627
s__Eubacterium_biforme	0.0	0.31346	6.34338	1.59059	0.70175	1.16458	2.43312	1.56275	0.1148	3.57625	0.0	1.03045	0.89209	0.08858	4.63082	0.0	0.0	0.0	0.0
s__Eubacterium_dolichum	0.0	0.0	0.0	0.0	0.0	0.0	0.0	0.0	0.0	0.0	0.0	0.0	0.0	0.0	0.0	0.00472	0.0	0.0	0.02939
s__Eubacterium_eligens	0.5322	0.54255	1.51468	17.74389	3.37372	1.62244	3.19251	1.6046	0.60102	0.6222	0.54048	0.89214	1.9942	1.15853	11.12254	0.0	0.24166	1.51286	0.0
s__Eubacterium_hallii	0.0	0.0	0.71666	0.28791	0.0	0.13487	0.43356	0.65555	0.0	0.57645	0.0	0.2614	0.0	0.0	0.52079	0.01094	0.05179	0.06729	0.0
s__Eubacterium_ramulus	0.0	0.0	0.21731	0.01162	0.0	0.18827	0.10686	0.01082	0.0	0.10054	0.0	0.00362	0.0	0.0	0.07612	0.0	0.00751	0.10866	0.0
s__Eubacterium_rectale	0.02924	0.0	4.58136	0.38988	0.26421	0.2772	1.27777	0.0	0.82164	0.0568	0.08539	0.3223	0.88131	2.55069	2.63392	0.0	20.93203	15.80789	15.74672
s__Eubacterium_siraeum	0.65564	3.0758	4.4182	5.86142	5.46626	2.81371	5.87131	1.26934	0.0442	5.72482	0.59283	2.87786	0.04395	0.03105	1.79926	0.25596	0.00164	1.24851	0.0
s__Eubacterium_sp_3_1_31	0.0	0.0	0.0	0.0	0.0	0.0	0.0	0.0	0.0	0.0	0.0	0.0	0.0	0.0	0.0	0.45042	0.0	0.0	0.23241
s__Eubacterium_ventriosum	0.0	0.0	0.0	0.0	0.0	0.0	0.0	0.0	0.0	0.0	0.0	0.0	0.0	0.0	0.0	0.0	0.0	0.00764	0.0
s__Faecalibacterium_prausnitzii	1.42771	5.4878	8.12276	10.47321	6.63136	7.77937	12.01056	9.72757	15.3663	11.30528	5.19969	4.04323	1.02745	13.64417	12.50582	11.91797	8.29372	8.62465	7.24394
s__Flavonifractor_plautii	0.0	0.0	0.0	0.0	0.0	0.0	0.0	0.0	0.0	0.0	0.0	0.0	0.0	0.0	0.0	0.16461	0.03761	0.0	0.01673
s__Fusarium_unclassified	0.0	0.0	0.0	0.0	0.0	0.0	0.0	0.0	0.0	0.0	0.0	0.0	0.0	0.0	0.0	0.06608	0.07553	0.06981	0.06363
s__Gordonibacter_pamelaeae	0.0	0.0	0.0	0.0	0.0	0.0	0.0	0.0	0.0	0.0	0.0	0.0	0.0	0.0	0.0	0.02566	0.00245	0.03526	0.04201
s__Haemophilus_parainfluenzae	0.0	0.0	0.0	0.0	0.0	0.0	0.0	0.0	0.0	0.0	0.0	0.0	0.0	0.0	0.0	0.0	0.20728	0.0	0.0
s__Helicobacter_cinaedi	0.0	0.0	0.0	0.0	0.0	0.0	0.76606	0.0	0.0	0.0	0.0	0.0	0.0	0.0	0.25026	0.0	0.0	0.0	0.0
s__Holdemania_filiformis	0.0	0.0	0.0	0.0	0.0	0.0	0.0	0.0	0.0	0.0	0.0	0.0	0.0	0.0	0.0	0.0	0.03956	0.0145	0.03863
s__Holdemania_unclassified	0.0	0.0	0.0	0.0	0.0	0.0	0.0	0.0	0.0	0.0	0.0	0.0	0.0	0.0	0.0	0.10643	0.0	0.03716	0.005
s__Klebsiella_unclassified	0.0	0.0	0.0	0.0	0.0	0.0	0.02602	0.0	0.0	0.0	0.0	0.0	0.0	0.0	0.03402	0.0	0.0	0.0	0.0
s__Lachnospiraceae_bacterium_1_1_57FAA	0.0	0.0	0.0	0.0	0.0	0.0	0.0	0.0	0.0	0.0	0.0	0.0	0.0	0.0	0.0	0.0	0.0	0.01439	0.0
s__Lachnospiraceae_bacterium_1_4_56FAA	0.0	0.0	0.0	0.0	0.0	0.0	0.0	0.0	0.0	0.0	0.0	0.0	0.0	0.0	0.0	0.02878	0.0	0.0	0.0724
s__Lachnospiraceae_bacterium_2_1_58FAA	0.0	0.0	0.0	0.0	0.0	0.02476	0.0	0.0	0.0	0.0	0.0	0.0	0.0	0.0	0.0	0.0433	0.00394	0.00425	0.0
s__Lachnospiraceae_bacterium_3_1_46FAA	0.0	0.0	0.16374	0.0	0.0	0.0	0.0	0.0	0.09674	0.0	0.02861	0.0	0.0	0.0	0.0	0.19105	0.77205	0.13877	0.05342
s__Lachnospiraceae_bacterium_5_1_57FAA	0.0	0.0	0.0	0.0	0.0	0.0	0.0	0.0	0.0	0.0	0.0	0.0	0.0	0.0	0.0	0.0404	0.0	0.0	0.00656
s__Lachnospiraceae_bacterium_5_1_63FAA	0.0	0.0	0.0	0.0	0.0	0.0	0.01029	0.00835	0.0	0.0	0.0	0.00852	0.0	0.0	0.0	0.00618	0.01922	0.06056	0.039
s__Lachnospiraceae_bacterium_6_1_63FAA	0.0	0.0	0.0	0.0	0.0	0.0	0.0	0.0	0.0	0.0	0.0	0.0	0.0	0.0	0.0	0.0047	0.0	0.0	0.00083
s__Lachnospiraceae_bacterium_7_1_58FAA	0.37768	0.0	0.0	0.02162	0.0	0.02208	0.0	0.0197	0.0	0.0	0.10866	0.024	0.16341	0.0763	0.0	0.15329	0.01566	0.21238	0.14126
s__Lachnospiraceae_bacterium_9_1_43BFAA	0.0	0.0	0.0	0.0	0.0	0.0	0.0	0.0	0.0	0.0	0.0	0.0	0.0	0.0	0.0	0.00023	0.0	0.0	0.009
s__Lactobacillus_fermentum	0.0	0.0	0.0	0.0	0.16192	0.0	0.0	0.0	0.04527	0.0151	0.0	0.03442	0.0	0.00199	0.0	0.0	0.0	0.0	0.0
s__Megasphaera_unclassified	0.0	0.0	0.0	0.0	0.0	0.0	0.0	0.0	0.0	0.0	0.0	0.0	0.0	0.0	0.0	0.0	0.0	0.0	1.40355
s__Methanobrevibacter_smithii	0.12422	4.04768	6.85615	2.97706	0.023	14.13933	0.0	1.67174	0.04752	0.21181	0.10272	7.80004	19.76668	0.20447	0.0	0.0	0.0	0.36405	0.0
s__Methanobrevibacter_sp_AbM4	0.0	0.0	0.0	0.0	3.72016	0.0	0.0	0.0	0.0	0.0	0.0	0.0	0.0	0.0	0.0	0.0	0.0	0.0	0.0
s__Methanobrevibacter_unclassified	7.54696	5.60709	3.3946	4.55779	3.62296	6.88937	0.2833	4.12402	7.63851	14.55357	7.21225	4.5792	16.09927	6.2124	0.37156	0.0	0.0	0.13538	0.0
s__Methanosphaera_stadtmanae	0.21291	0.32642	1.7589	0.94986	0.2624	0.58498	0.01071	0.79375	0.0	2.02595	0.12094	3.52083	0.0	0.0272	0.0	0.0	0.0	0.0	0.0
s__Mitsuokella_unclassified	0.08741	0.53917	0.0	0.1989	0.55721	0.50498	0.0	0.09081	0.0	0.0	0.0	0.18299	0.0	0.04758	0.0	0.0	0.0	0.0	0.0
s__Odoribacter_splanchnicus	0.0	0.0	0.0	0.0	0.0	0.0	0.0	0.0	0.0	0.0	0.0	0.0	0.0	0.0	0.0	0.9776	0.50695	1.00805	0.24487
s__Olsenella_unclassified	0.0515	0.0	0.03405	0.05847	0.01126	0.0	0.0	0.02237	0.2098	0.0	0.04424	0.15438	0.0	0.19009	0.0	0.0	0.0	0.0	0.0
s__Oscillibacter_sp_KLE_1745	0.0	0.0	0.0	0.0	0.0	0.0	0.0	0.0	0.0	0.0	0.0	0.0	0.0	0.0	0.0	0.0	0.1863	0.0	0.0
s__Oscillibacter_unclassified	0.08308	0.4631	0.64732	0.24433	0.57875	0.45974	0.11605	0.21569	0.06065	0.37776	0.10489	0.05369	0.14585	0.05305	0.30964	1.55499	0.96394	0.67917	1.24047
s__Oxalobacter_formigenes	0.0	0.0	0.0	0.0	0.0	0.0	0.0	0.0	0.0	0.1686	0.03956	0.0	0.0	0.0	0.0	0.0	0.0	0.02122	0.0
s__Parabacteroides_distasonis	0.01623	0.0	0.03854	0.0	0.0	0.0	0.00281	0.0	0.0	0.0	0.10759	0.0	0.0	0.0	0.0	2.27159	1.1921	0.0	0.0
s__Parabacteroides_goldsteinii	0.01418	0.0	0.0	0.0	0.0	0.0	1.7111	0.0	0.0	0.0	0.02747	0.0	0.0	0.0	2.46793	0.0	0.0	0.0	0.0
s__Parabacteroides_merdae	0.0	0.0	0.0	0.0	0.0	0.0	0.0	0.0	0.0	0.0	0.0	0.0	0.0	0.0	0.0	2.74023	1.25898	0.0	6.37331
s__Parabacteroides_unclassified	2.10768	0.0	0.82038	0.1164	0.41736	0.34623	0.0	0.44382	0.57163	0.37172	2.78584	0.21125	1.59023	0.64593	0.0	0.0	0.0	0.59194	0.0
s__Parasutterella_excrementihominis	2.62502	0.0	0.0	0.0	0.01462	0.0	0.0	0.0	1.93093	0.0	3.60936	0.0	0.0	1.06531	0.0	0.00626	0.00562	0.45154	0.46
s__Peptostreptococcaceae_noname_unclassified	0.0	0.0	1.22768	0.0	2.32005	0.0	0.34324	0.0	0.11673	0.49943	0.0	0.0	0.24686	0.08706	1.18992	0.0	0.08624	0.0	0.0
s__Phascolarctobacterium_succinatutens	18.62708	20.79548	12.372	11.16879	20.70025	2.90287	21.48821	19.50745	18.92566	6.30106	15.1151	26.94564	2.94904	18.82479	26.89065	0.0	0.0	0.0	0.0
s__Porcine_stool_associated_circular_virus_3	0.0	0.0	0.0	0.0	0.0	0.0	0.0	0.17677	0.0	0.0	0.0	0.0	0.0	0.0	0.0	0.0	0.0	0.0	0.0
s__Porphyromonas_bennonis	0.0	0.0	0.0	0.0	0.0	0.0	0.0	0.0	0.0	0.09615	0.0	0.0	0.13152	0.0	0.0	0.0	0.0	0.0	0.0
s__Prevotella_copri	7.14792	1.29126	1.91997	12.94979	8.71649	19.84235	0.10957	10.44011	5.00027	1.85141	12.1042	8.62754	13.49691	26.90846	0.01682	0.0	0.0	0.0	0.0
s__Prevotella_stercorea	0.15354	0.07312	0.52678	0.27986	0.45054	4.93981	0.0	1.27764	0.26419	0.27523	0.18476	0.47575	0.01543	0.93186	0.0	0.0	0.0	0.0	0.0
s__Propionibacterium_acnes	0.0	0.0	0.0	0.0	0.0	0.0	0.0	0.0	0.0	0.0	0.0	0.0	0.0	0.0	0.0	0.0	0.00026	0.0	0.0
s__Pseudoflavonifractor_capillosus	0.0	0.0	0.0	0.0	0.0	0.0	0.0	0.0	0.0	0.0	0.0	0.0	0.0	0.0	0.0	0.00528	0.0	0.0	0.0
s__Pyramidobacter_piscolens	0.0	0.0	0.0	0.0	0.23895	0.0	0.0	0.0	0.0	0.0	0.0	0.03749	0.0	0.0	0.0	0.0	0.0	0.0	0.0
s__Roseburia_hominis	0.02824	0.0298	0.43801	1.76577	1.39327	0.3603	0.25967	0.90754	0.16031	1.86202	0.01195	0.09452	0.958	0.08842	0.45587	0.0	0.16097	0.59068	0.0324
s__Roseburia_intestinalis	0.0	0.12637	0.0	0.2493	0.09756	0.00715	0.5454	0.0	0.0026	0.0	0.03035	0.0	0.0	0.0	0.92666	0.68925	3.06863	0.07807	0.0
s__Roseburia_inulinivorans	0.09961	0.0	0.0	0.19441	0.0	0.01151	0.31588	0.01692	0.3409	0.04182	0.16975	0.0	0.0	0.89885	0.46019	0.19942	0.08587	0.05951	0.0
s__Roseburia_unclassified	0.8391	0.12399	0.0	0.0	0.0	0.04472	0.0	0.0	0.0	0.0	0.66869	0.21336	0.0	0.0	0.0	0.0	0.0	1.06187	0.0
s__Ruminococcaceae_bacterium_D16	0.0	0.0	0.0	0.0	0.0	0.0	0.0	0.0	0.0	0.0	0.0	0.0	0.0	0.0	0.0	0.00539	0.0	0.0	1.0155
s__Ruminococcus_albus	0.0	0.0	0.0	0.0	11.15427	0.0	0.0	0.0	0.0	0.0	0.0	0.0	0.0	0.0	0.0	0.0	0.00432	0.00249	0.0
s__Ruminococcus_bromii	0.0	0.0	0.72468	0.67724	0.0	1.40597	0.11562	1.33394	0.0	1.08229	0.0	0.95272	0.0	0.0	0.03487	0.0	2.72328	1.58821	0.0
s__Ruminococcus_callidus	0.0	0.0	0.03185	0.0	0.0	0.0	0.0	0.0	0.0	0.09085	0.0	0.0	0.0	0.0	0.0	0.0	0.36088	0.0	0.0
s__Ruminococcus_champanellensis	0.0	0.0	0.02685	1.89217	0.05534	2.65194	0.0	4.53271	0.0	0.0	0.0	1.44785	0.83933	0.0	0.0	0.0	0.0	0.0	0.0
s__Ruminococcus_flavefaciens	1.72722	5.51502	0.10974	1.05982	1.23019	0.73833	0.0	1.15079	0.07824	0.28449	0.79621	1.54597	7.39454	0.12483	0.0	0.0	0.0	0.0	0.0
s__Ruminococcus_gnavus	0.0	0.0	0.0	0.0	0.0	0.0	0.0	0.0	0.0	0.0	0.0	0.0	0.0	0.0	0.0	0.52473	0.02617	0.0	0.67336
s__Ruminococcus_lactaris	0.0	0.0	0.0	0.0	0.0	0.0	0.0	0.0	0.0	0.0	0.0	0.0	0.0	0.0	0.0	0.0	0.03227	0.0328	0.0
s__Ruminococcus_obeum	1.01884	0.01683	1.15728	0.75991	0.32209	0.70454	0.34409	1.02262	0.80575	1.73792	0.46635	1.27191	0.38664	1.57588	0.38505	0.08499	0.03933	0.23751	0.00224
s__Ruminococcus_sp_5_1_39BFAA	0.0	0.0	0.0	0.0	0.0	0.0	0.0	0.0	0.0	0.0	0.0	0.0	0.0	0.0	0.0	1.8259	0.24753	0.81539	1.96402
s__Ruminococcus_torques	0.1378	0.0	0.15788	0.15678	0.2928	0.13268	0.14049	0.5726	0.0	0.72178	0.09644	0.0	0.29638	0.22503	0.28161	1.40624	0.02231	0.19036	0.78436
s__Sphaerochaeta_unclassified	0.0	0.0	0.0	0.0	0.0961	0.0	0.0	0.0	0.0	0.0	0.0	0.0	0.0	0.0	0.0	0.0	0.0	0.0	0.0
s__Streptococcus_parasanguinis	0.0	0.0	0.0	0.0	0.0	0.0	0.0	0.0	0.0	0.0	0.0	0.0	0.0	0.0	0.0	0.0	0.01049	0.0	0.00447
s__Streptococcus_salivarius	0.0	0.0	0.0	0.0	0.0	0.00295	0.0	0.0	0.0	0.0	0.0	0.0	0.0	0.0	0.0	0.00656	0.01149	0.0	0.00646
s__Streptococcus_thermophilus	0.0	0.0	0.0	0.0	0.0	0.0	0.0	0.0	0.0	0.0	0.0	0.0	0.0	0.0	0.0	0.0	0.0	0.0	0.0183
s__Subdoligranulum_sp_4_3_54A2FAA	0.0	0.0	0.0	0.0	0.0	0.0	0.0	0.0	0.0	0.0	0.0	0.0	0.0	0.0	0.0	0.57073	0.0	0.0	0.0
s__Subdoligranulum_unclassified	17.20686	40.095	29.40055	14.74255	18.86758	7.69049	14.03368	29.30577	9.36072	31.06613	12.96396	11.29532	23.48469	5.61981	14.81794	16.63471	2.18764	10.38838	2.67199
s__Sutterella_wadsworthensis	0.0	0.0	0.0	0.0	0.0	0.0	0.0	0.0	0.0	0.0	0.0	0.0	0.0	0.0	0.0	0.10619	1.23071	0.0	0.0
s__Treponema_bryantii	0.18413	0.79499	0.0	1.03676	0.19242	0.0	0.0	1.44491	0.0	0.0	0.09233	9.86289	0.0	0.0	0.0	0.0	0.0	0.0	0.0
s__Treponema_succinifaciens	0.11079	0.0	0.00182	2.38168	1.16546	2.52164	0.0	2.5341	0.00823	0.0	0.21722	3.99135	0.75782	0.02741	0.0	0.0	0.0	0.0	0.0
s__Veillonella_atypica	0.0	0.0	0.0	0.0	0.0	0.0	0.0	0.0	0.0	0.0	0.0	0.0	0.0	0.0	0.0	0.0	0.02068	0.0	0.0
s__Veillonella_dispar	0.0	0.0	0.0	0.0	0.0	0.0	0.0	0.0	0.0	0.0	0.0	0.0	0.0	0.0	0.0	0.0	0.00251	0.0	0.0
s__Veillonella_parvula	0.0	0.0	0.0	0.0	0.0	0.0	0.0	0.0	0.0	0.0	0.0	0.0	0.0	0.0	0.0	0.0	0.01957	0.0	0.0
s__Veillonella_unclassified	0.0	0.0	0.0	0.0	0.0	0.0	0.0	0.0	0.0	0.0	0.0	0.0	0.0	0.0	0.0	0.0	0.01882	0.0	0.00358
s__unclassified	0.0	0.0	0.15005	0.0	0.38462	0.03509	0.0	0.17004	0.07887	0.0	0.0	0.2842	0.305	0.01514	0.05488	0.26875	0.02716	0.0244	0.02118
